{
 "cells": [
  {
   "cell_type": "markdown",
   "id": "d7a7d888",
   "metadata": {},
   "source": [
    "## 18-01-2016"
   ]
  },
  {
   "cell_type": "markdown",
   "id": "1e877768",
   "metadata": {},
   "source": [
    "\n",
    "## Use numpy create a 3x3 matrix A and a Vector V - hardcoded values"
   ]
  },
  {
   "cell_type": "code",
   "execution_count": 5,
   "id": "ac8f0ed4",
   "metadata": {},
   "outputs": [
    {
     "name": "stdout",
     "output_type": "stream",
     "text": [
      "Matrix: [[1 2 3]\n",
      " [4 5 6]\n",
      " [7 8 9]]\n",
      "Vector: [3 6 9]\n"
     ]
    }
   ],
   "source": [
    "import numpy as np\n",
    "\n",
    "a = np.array([\n",
    "    [1,2,3],\n",
    "    [4,5,6],\n",
    "    [7,8,9]\n",
    "])\n",
    "\n",
    "v = np.array([3,6,9])\n",
    "\n",
    "print(f\"Matrix: {a}\")\n",
    "print(f\"Vector: {v}\")"
   ]
  },
  {
   "cell_type": "markdown",
   "id": "9e824a9c",
   "metadata": {},
   "source": [
    "## To compute A.V - Matrix multiplication"
   ]
  },
  {
   "cell_type": "code",
   "execution_count": 6,
   "id": "c8bc24e2",
   "metadata": {},
   "outputs": [
    {
     "data": {
      "text/plain": [
       "array([ 42,  96, 150])"
      ]
     },
     "execution_count": 6,
     "metadata": {},
     "output_type": "execute_result"
    }
   ],
   "source": [
    "a@v"
   ]
  },
  {
   "cell_type": "code",
   "execution_count": null,
   "id": "28bc9d58",
   "metadata": {},
   "outputs": [],
   "source": [
    "#Manual calcuation\n",
    "\n",
    "1*3+2*6+3*9 = 42\n",
    "4*3+5*6+6*9 = 96\n",
    "7*3+8*6+9*9 = 150"
   ]
  },
  {
   "cell_type": "markdown",
   "id": "42924efe",
   "metadata": {},
   "source": [
    "# Transpose of Matrix A"
   ]
  },
  {
   "cell_type": "code",
   "execution_count": 8,
   "id": "420e5c95",
   "metadata": {},
   "outputs": [
    {
     "data": {
      "text/plain": [
       "array([[1, 4, 7],\n",
       "       [2, 5, 8],\n",
       "       [3, 6, 9]])"
      ]
     },
     "execution_count": 8,
     "metadata": {},
     "output_type": "execute_result"
    }
   ],
   "source": [
    "import numpy as np\n",
    "\n",
    "a = np.array([\n",
    "    [1,2,3],\n",
    "    [4,5,6],\n",
    "    [7,8,9]\n",
    "])\n",
    "\n",
    "a.T\n"
   ]
  },
  {
   "cell_type": "code",
   "execution_count": null,
   "id": "b105f069",
   "metadata": {},
   "outputs": [],
   "source": [
    "# Transpose - change in row to column & column to row"
   ]
  },
  {
   "cell_type": "markdown",
   "id": "32639260",
   "metadata": {},
   "source": [
    "# Compute determinant of A"
   ]
  },
  {
   "cell_type": "code",
   "execution_count": 2,
   "id": "2bfc5c1f",
   "metadata": {},
   "outputs": [
    {
     "name": "stdout",
     "output_type": "stream",
     "text": [
      "0.0\n",
      "Determinant is zero.. so inverse cannot be performed\n"
     ]
    }
   ],
   "source": [
    "import numpy as np\n",
    "\n",
    "a = np.array([\n",
    "    [1,2,3],\n",
    "    [4,5,6],\n",
    "    [7,8,9]\n",
    "])\n",
    "\n",
    "det = np.linalg.det(a)\n",
    "print(det)\n",
    "\n",
    "if det!=0:\n",
    "    inv=np.linalg.inv(a)\n",
    "    print(inv)\n",
    "else:\n",
    "    print(\"Determinant is zero.. so inverse cannot be performed\")"
   ]
  },
  {
   "cell_type": "code",
   "execution_count": null,
   "id": "a57600f1",
   "metadata": {},
   "outputs": [],
   "source": [
    "# determinant for 3x3 matrix \n",
    "# det(a) = 1((5*9)-(6*8)) - 2((4*9)-(6*7)) + 3((4*8)-(5*7)) \n",
    "#        = -3 + 12 - 9\n",
    "#        = 0 \n",
    "\n",
    "# As the determinant of matrix \"a\" is 0 , we will not be able to find inverse of this matrix"
   ]
  },
  {
   "cell_type": "markdown",
   "id": "62d1930f",
   "metadata": {},
   "source": [
    "## Use numpy create a 3x3 matrix A and a Vector V - random values"
   ]
  },
  {
   "cell_type": "code",
   "execution_count": 25,
   "id": "c46bfef0",
   "metadata": {},
   "outputs": [
    {
     "name": "stdout",
     "output_type": "stream",
     "text": [
      "Matrix:\n",
      "[[0.55572799 0.01833101 0.49288761]\n",
      " [0.86962076 0.74931017 0.02861009]\n",
      " [0.43596346 0.29692698 0.47923429]]\n",
      "Vector : [0.09692274 0.09728147 0.85046979]\n",
      "Matrix multiplication :\n",
      "[0.47483197 0.18151203 0.47871455]\n",
      "Transpose of matrix :\n",
      "[[0.55572799 0.86962076 0.43596346]\n",
      " [0.01833101 0.74931017 0.29692698]\n",
      " [0.49288761 0.02861009 0.47923429]]\n",
      "Determinant of matrix :\n",
      "0.1536853110426797\n",
      "Inverse of matrix :\n",
      "[[ 2.28128517  0.89511993 -2.39971697]\n",
      " [-2.63056458  0.33472897  2.68552582]\n",
      " [-0.44544258 -1.02169157  2.60578977]]\n"
     ]
    }
   ],
   "source": [
    "import numpy as np\n",
    "\n",
    "mat = np.random.rand(3,3)\n",
    "vec = np.random.rand(3)\n",
    "\n",
    "print(\"Matrix:\")\n",
    "print(mat)\n",
    "print(f\"Vector : {vec}\")\n",
    "\n",
    "print(\"Matrix multiplication :\")\n",
    "print(mat@vec)\n",
    "\n",
    "print(\"Transpose of matrix :\" )\n",
    "print(mat.T)\n",
    "\n",
    "print(\"Determinant of matrix :\")\n",
    "det = np.linalg.det(mat)\n",
    "print(det)\n",
    "\n",
    "if det!=0:\n",
    "    inv = np.linalg.inv(mat)\n",
    "    print(\"Inverse of matrix :\")\n",
    "    print(inv)"
   ]
  },
  {
   "cell_type": "code",
   "execution_count": null,
   "id": "7fa75562",
   "metadata": {},
   "outputs": [
    {
     "data": {
      "text/plain": [
       "array([[0.55572799, 0.01833101, 0.49288761],\n",
       "       [0.86962076, 0.74931017, 0.02861009],\n",
       "       [0.43596346, 0.29692698, 0.47923429]])"
      ]
     },
     "execution_count": 27,
     "metadata": {},
     "output_type": "execute_result"
    }
   ],
   "source": [
    "# Matrix with identity matrix \n",
    "\n",
    "mat@np.eye(N=3,M=3)"
   ]
  },
  {
   "cell_type": "code",
   "execution_count": null,
   "id": "261d3ad5",
   "metadata": {},
   "outputs": [
    {
     "data": {
      "text/plain": [
       "array([[ 1.00000000e+00, -3.10466788e-18,  1.47843963e-17],\n",
       "       [ 1.48226414e-16,  1.00000000e+00, -4.76132798e-16],\n",
       "       [-2.29740004e-17, -4.47430902e-17,  1.00000000e+00]])"
      ]
     },
     "execution_count": 28,
     "metadata": {},
     "output_type": "execute_result"
    }
   ],
   "source": [
    "mat@inv "
   ]
  },
  {
   "cell_type": "code",
   "execution_count": null,
   "id": "2727984c",
   "metadata": {},
   "outputs": [],
   "source": []
  }
 ],
 "metadata": {
  "kernelspec": {
   "display_name": "Python 3",
   "language": "python",
   "name": "python3"
  },
  "language_info": {
   "codemirror_mode": {
    "name": "ipython",
    "version": 3
   },
   "file_extension": ".py",
   "mimetype": "text/x-python",
   "name": "python",
   "nbconvert_exporter": "python",
   "pygments_lexer": "ipython3",
   "version": "3.14.2"
  }
 },
 "nbformat": 4,
 "nbformat_minor": 5
}
